20 245
40 215
65 230
70 200
105 180
105 250
125 260
125 170
160 150
160 285
330 380
310 335
255 325
230 285
280 290
265 265
210 250
190 215
235 220
230 200
265 180
280 200
300 165
320 200
305 240
320 265
335 225
360 265
345 310
375 360
375 165
260 95
290 75
375 120
375 100
315 65
355 40
375 50
375 20
415 20
415 50
440 40
470 65
415 100
415 120
495 75
525 95
415 165
415 360
445 310
430 265
455 230
470 260
485 245
470 200
490 165
510 200
525 180
555 200
545 220
585 215
565 255
520 265
510 285
545 280
525 325
480 335
450 385
200 385